0.999217 -0.026165 0.029666 
0.028375 0.996652 -0.076685 
-0.027560 0.077467 0.996614 
-36.000000 1396.000000 -4.000000 
-4.400000 -1.700000 -1.500000

-0.518035 -0.163336 -0.839620 
0.003248 0.981216 -0.192885 
0.855353 -0.102648 -0.507773 
1376.500000 1446.000000 2352.000000 
20.800000 122.900000 17.500000

-0.580082 0.085659 0.810042 
-0.019456 0.992715 -0.118909 
-0.814326 -0.084737 -0.574189 
-1314.000000 1446.000000 2445.000000 
11.700000 -125.900000 -8.400000

1.000000 0.000000 -0.000000 
0.000000 1.000000 0.000000 
0.000000 0.000000 1.000000 
0.000000 0.000000 0.000000 
0.000000 0.000000 0.000000

-0.490154 -0.061052 -0.869495 
0.014417 0.996840 -0.078121 
0.871516 -0.050827 -0.487725 
1361.000000 142.000000 2328.000000 
9.100000 119.600000 7.100000

-0.561025 0.053032 0.826098 
0.016293 0.998460 -0.053032 
-0.827638 -0.016293 -0.561025 
-1317.000000 53.000000 2425.000000 
5.400000 -124.300000 -5.400000

