0.999217 -0.026165 0.029666 
0.026843 0.999382 -0.022677 
-0.029055 0.023456 0.999303 
-31.000000 1320.000000 -24.000000 
-1.300000 -1.700000 -1.500000

-0.067746 0.006046 -0.997684 
0.092363 0.995725 -0.000237 
0.993418 -0.092165 -0.068015 
1426.500000 1218.000000 1703.000000 
0.200000 93.900000 -5.100000

-0.017663 0.011252 0.999781 
-0.088781 0.995969 -0.012778 
-0.995895 -0.088988 -0.016592 
-1423.000000 1386.000000 1602.000000 
37.600000 -91.200000 -32.500000

1.000000 0.000000 -0.000000 
0.000000 1.000000 0.000000 
0.000000 0.000000 1.000000 
0.000000 0.000000 0.000000 
0.000000 0.000000 0.000000

-0.019050 -0.002373 -0.999816 
0.034871 0.999387 -0.003036 
0.999210 -0.034922 -0.018956 
1371.000000 142.000000 1702.000000 
9.100000 91.100000 7.100000

0.008688 -0.000821 0.999962 
0.000004 1.000000 0.000821 
-0.999962 -0.000004 0.008688 
-1318.000000 53.000000 1611.000000 
5.400000 -89.500000 -5.400000

