0.999217 -0.026165 0.029666 
0.026843 0.999382 -0.022677 
-0.029055 0.023456 0.999303 
-31.000000 1320.000000 -24.000000 
-1.300000 -1.700000 -1.500000

1.000000 0.000000 -0.000000 
0.000000 1.000000 0.000000 
0.000000 0.000000 1.000000 
0.000000 0.000000 0.000000 
0.000000 0.000000 0.000000

1.000000 0.000000 -0.000000 
0.000000 1.000000 0.000000 
0.000000 0.000000 1.000000 
0.000000 0.000000 0.000000 
0.000000 0.000000 0.000000

1.000000 0.000000 -0.000000 
0.000000 1.000000 0.000000 
0.000000 0.000000 1.000000 
0.000000 0.000000 0.000000 
0.000000 0.000000 0.000000

-0.019121 -0.001707 -0.999816 
0.034877 0.999389 -0.002373 
0.999209 -0.034916 -0.019050 
1371.000000 142.000000 1702.000000 
7.100000 91.100000 5.100000

0.008701 -0.000669 0.999962 
0.000003 1.000000 0.000669 
-0.999962 -0.000003 0.008701 
-1318.000000 53.000000 1611.000000 
4.400000 -89.500000 -4.400000

